"x1" "x2" "x3" "x4" "x5" "x6"
"x1" 0 0.231990402848241 0.389739140607913 0.222123311950086 0.154891969906127 0.193503718007244
"x2" 0.231990402848241 0 0.555776383197171 0.330644548884454 0.237034951464103 0.283404140575177
"x3" 0.389739140607913 0.555776383197171 0 0.530378483321108 0.344385831730743 0.421991165418527
"x4" 0.222123311950086 0.330644548884454 0.530378483321108 0 0.71079902040193 0.963904657855382
"x5" 0.154891969906127 0.237034951464103 0.344385831730743 0.71079902040193 0 1.01907012102626
"x6" 0.193503718007244 0.283404140575177 0.421991165418527 0.963904657855382 1.01907012102626 0
